282977
843617
3015
765454
314390
539908
896537
432844
712179
122808
289112
907902
983899
777614
447485
418529
580715
360055
601726
833653
667135
928563
761821
369506
189874
509572
508389
528043
725379
628198
940
203467
79598
799257
655861
830263
640735
803937
279849
895265
683551
441080
987729
457022
636261
742289
496802
637790
354127
316880
323033
223470
676424
283566
719171
933735
878629
472097
419898
476921
968831
335128
740960
837738
165333
934522
411735
369415
459071
929090
414402
979446
134892
768647
423020
484706
299604
209860
597225
671625
655767
996404
9791
224664
305774
272949
110326
575243
655616
990063
906428
572631
635817
475435
883256
987288
828206
190826
909446
647398